{
 "cells": [
  {
   "cell_type": "code",
   "execution_count": 1,
   "metadata": {},
   "outputs": [],
   "source": [
    "import pandas as pd"
   ]
  },
  {
   "cell_type": "code",
   "execution_count": 4,
   "metadata": {},
   "outputs": [
    {
     "data": {
      "text/html": [
       "<div>\n",
       "<style scoped>\n",
       "    .dataframe tbody tr th:only-of-type {\n",
       "        vertical-align: middle;\n",
       "    }\n",
       "\n",
       "    .dataframe tbody tr th {\n",
       "        vertical-align: top;\n",
       "    }\n",
       "\n",
       "    .dataframe thead th {\n",
       "        text-align: right;\n",
       "    }\n",
       "</style>\n",
       "<table border=\"1\" class=\"dataframe\">\n",
       "  <thead>\n",
       "    <tr style=\"text-align: right;\">\n",
       "      <th></th>\n",
       "      <th>Number</th>\n",
       "      <th>Age</th>\n",
       "      <th>Weight</th>\n",
       "      <th>Salary</th>\n",
       "    </tr>\n",
       "    <tr>\n",
       "      <th>Team</th>\n",
       "      <th></th>\n",
       "      <th></th>\n",
       "      <th></th>\n",
       "      <th></th>\n",
       "    </tr>\n",
       "  </thead>\n",
       "  <tbody>\n",
       "    <tr>\n",
       "      <th>Atlanta Hawks</th>\n",
       "      <td>19.000000</td>\n",
       "      <td>28.200000</td>\n",
       "      <td>221.266667</td>\n",
       "      <td>4.860197e+06</td>\n",
       "    </tr>\n",
       "    <tr>\n",
       "      <th>Boston Celtics</th>\n",
       "      <td>31.866667</td>\n",
       "      <td>24.733333</td>\n",
       "      <td>219.466667</td>\n",
       "      <td>4.181505e+06</td>\n",
       "    </tr>\n",
       "    <tr>\n",
       "      <th>Brooklyn Nets</th>\n",
       "      <td>18.266667</td>\n",
       "      <td>25.600000</td>\n",
       "      <td>215.600000</td>\n",
       "      <td>3.501898e+06</td>\n",
       "    </tr>\n",
       "    <tr>\n",
       "      <th>Charlotte Hornets</th>\n",
       "      <td>17.133333</td>\n",
       "      <td>26.133333</td>\n",
       "      <td>220.400000</td>\n",
       "      <td>5.222728e+06</td>\n",
       "    </tr>\n",
       "    <tr>\n",
       "      <th>Chicago Bulls</th>\n",
       "      <td>19.200000</td>\n",
       "      <td>27.400000</td>\n",
       "      <td>218.933333</td>\n",
       "      <td>5.785559e+06</td>\n",
       "    </tr>\n",
       "    <tr>\n",
       "      <th>Cleveland Cavaliers</th>\n",
       "      <td>14.466667</td>\n",
       "      <td>29.533333</td>\n",
       "      <td>227.866667</td>\n",
       "      <td>7.642049e+06</td>\n",
       "    </tr>\n",
       "    <tr>\n",
       "      <th>Dallas Mavericks</th>\n",
       "      <td>20.000000</td>\n",
       "      <td>29.733333</td>\n",
       "      <td>227.000000</td>\n",
       "      <td>4.746582e+06</td>\n",
       "    </tr>\n",
       "    <tr>\n",
       "      <th>Denver Nuggets</th>\n",
       "      <td>15.266667</td>\n",
       "      <td>25.733333</td>\n",
       "      <td>217.533333</td>\n",
       "      <td>4.294424e+06</td>\n",
       "    </tr>\n",
       "    <tr>\n",
       "      <th>Detroit Pistons</th>\n",
       "      <td>17.266667</td>\n",
       "      <td>26.200000</td>\n",
       "      <td>222.200000</td>\n",
       "      <td>4.477884e+06</td>\n",
       "    </tr>\n",
       "    <tr>\n",
       "      <th>Golden State Warriors</th>\n",
       "      <td>20.866667</td>\n",
       "      <td>27.666667</td>\n",
       "      <td>224.600000</td>\n",
       "      <td>5.924600e+06</td>\n",
       "    </tr>\n",
       "    <tr>\n",
       "      <th>Houston Rockets</th>\n",
       "      <td>14.666667</td>\n",
       "      <td>26.866667</td>\n",
       "      <td>220.333333</td>\n",
       "      <td>5.018868e+06</td>\n",
       "    </tr>\n",
       "    <tr>\n",
       "      <th>Indiana Pacers</th>\n",
       "      <td>18.933333</td>\n",
       "      <td>26.400000</td>\n",
       "      <td>222.266667</td>\n",
       "      <td>4.450122e+06</td>\n",
       "    </tr>\n",
       "    <tr>\n",
       "      <th>Los Angeles Clippers</th>\n",
       "      <td>19.533333</td>\n",
       "      <td>29.466667</td>\n",
       "      <td>219.733333</td>\n",
       "      <td>6.323643e+06</td>\n",
       "    </tr>\n",
       "    <tr>\n",
       "      <th>Los Angeles Lakers</th>\n",
       "      <td>16.066667</td>\n",
       "      <td>27.533333</td>\n",
       "      <td>227.066667</td>\n",
       "      <td>4.784695e+06</td>\n",
       "    </tr>\n",
       "    <tr>\n",
       "      <th>Memphis Grizzlies</th>\n",
       "      <td>15.555556</td>\n",
       "      <td>28.388889</td>\n",
       "      <td>218.000000</td>\n",
       "      <td>5.467920e+06</td>\n",
       "    </tr>\n",
       "    <tr>\n",
       "      <th>Miami Heat</th>\n",
       "      <td>10.466667</td>\n",
       "      <td>28.933333</td>\n",
       "      <td>218.400000</td>\n",
       "      <td>6.347359e+06</td>\n",
       "    </tr>\n",
       "    <tr>\n",
       "      <th>Milwaukee Bucks</th>\n",
       "      <td>20.000000</td>\n",
       "      <td>24.562500</td>\n",
       "      <td>224.062500</td>\n",
       "      <td>4.350220e+06</td>\n",
       "    </tr>\n",
       "    <tr>\n",
       "      <th>Minnesota Timberwolves</th>\n",
       "      <td>19.571429</td>\n",
       "      <td>26.357143</td>\n",
       "      <td>228.642857</td>\n",
       "      <td>4.593054e+06</td>\n",
       "    </tr>\n",
       "    <tr>\n",
       "      <th>New Orleans Pelicans</th>\n",
       "      <td>17.000000</td>\n",
       "      <td>26.894737</td>\n",
       "      <td>221.000000</td>\n",
       "      <td>4.355304e+06</td>\n",
       "    </tr>\n",
       "    <tr>\n",
       "      <th>New York Knicks</th>\n",
       "      <td>13.250000</td>\n",
       "      <td>27.000000</td>\n",
       "      <td>223.625000</td>\n",
       "      <td>4.581494e+06</td>\n",
       "    </tr>\n",
       "    <tr>\n",
       "      <th>Oklahoma City Thunder</th>\n",
       "      <td>14.000000</td>\n",
       "      <td>27.066667</td>\n",
       "      <td>229.400000</td>\n",
       "      <td>6.251020e+06</td>\n",
       "    </tr>\n",
       "    <tr>\n",
       "      <th>Orlando Magic</th>\n",
       "      <td>16.428571</td>\n",
       "      <td>25.071429</td>\n",
       "      <td>213.357143</td>\n",
       "      <td>4.297248e+06</td>\n",
       "    </tr>\n",
       "    <tr>\n",
       "      <th>Philadelphia 76ers</th>\n",
       "      <td>18.066667</td>\n",
       "      <td>24.600000</td>\n",
       "      <td>222.133333</td>\n",
       "      <td>2.213778e+06</td>\n",
       "    </tr>\n",
       "    <tr>\n",
       "      <th>Phoenix Suns</th>\n",
       "      <td>15.466667</td>\n",
       "      <td>25.866667</td>\n",
       "      <td>218.600000</td>\n",
       "      <td>4.229676e+06</td>\n",
       "    </tr>\n",
       "    <tr>\n",
       "      <th>Portland Trail Blazers</th>\n",
       "      <td>16.000000</td>\n",
       "      <td>25.066667</td>\n",
       "      <td>218.600000</td>\n",
       "      <td>3.220121e+06</td>\n",
       "    </tr>\n",
       "    <tr>\n",
       "      <th>Sacramento Kings</th>\n",
       "      <td>16.933333</td>\n",
       "      <td>26.800000</td>\n",
       "      <td>221.333333</td>\n",
       "      <td>4.778911e+06</td>\n",
       "    </tr>\n",
       "    <tr>\n",
       "      <th>San Antonio Spurs</th>\n",
       "      <td>17.933333</td>\n",
       "      <td>31.600000</td>\n",
       "      <td>223.933333</td>\n",
       "      <td>5.629516e+06</td>\n",
       "    </tr>\n",
       "    <tr>\n",
       "      <th>Toronto Raptors</th>\n",
       "      <td>22.466667</td>\n",
       "      <td>26.133333</td>\n",
       "      <td>221.800000</td>\n",
       "      <td>4.741174e+06</td>\n",
       "    </tr>\n",
       "    <tr>\n",
       "      <th>Utah Jazz</th>\n",
       "      <td>17.866667</td>\n",
       "      <td>24.466667</td>\n",
       "      <td>220.000000</td>\n",
       "      <td>4.204006e+06</td>\n",
       "    </tr>\n",
       "    <tr>\n",
       "      <th>Washington Wizards</th>\n",
       "      <td>17.600000</td>\n",
       "      <td>27.866667</td>\n",
       "      <td>219.000000</td>\n",
       "      <td>5.088576e+06</td>\n",
       "    </tr>\n",
       "  </tbody>\n",
       "</table>\n",
       "</div>"
      ],
      "text/plain": [
       "                           Number        Age      Weight        Salary\n",
       "Team                                                                  \n",
       "Atlanta Hawks           19.000000  28.200000  221.266667  4.860197e+06\n",
       "Boston Celtics          31.866667  24.733333  219.466667  4.181505e+06\n",
       "Brooklyn Nets           18.266667  25.600000  215.600000  3.501898e+06\n",
       "Charlotte Hornets       17.133333  26.133333  220.400000  5.222728e+06\n",
       "Chicago Bulls           19.200000  27.400000  218.933333  5.785559e+06\n",
       "Cleveland Cavaliers     14.466667  29.533333  227.866667  7.642049e+06\n",
       "Dallas Mavericks        20.000000  29.733333  227.000000  4.746582e+06\n",
       "Denver Nuggets          15.266667  25.733333  217.533333  4.294424e+06\n",
       "Detroit Pistons         17.266667  26.200000  222.200000  4.477884e+06\n",
       "Golden State Warriors   20.866667  27.666667  224.600000  5.924600e+06\n",
       "Houston Rockets         14.666667  26.866667  220.333333  5.018868e+06\n",
       "Indiana Pacers          18.933333  26.400000  222.266667  4.450122e+06\n",
       "Los Angeles Clippers    19.533333  29.466667  219.733333  6.323643e+06\n",
       "Los Angeles Lakers      16.066667  27.533333  227.066667  4.784695e+06\n",
       "Memphis Grizzlies       15.555556  28.388889  218.000000  5.467920e+06\n",
       "Miami Heat              10.466667  28.933333  218.400000  6.347359e+06\n",
       "Milwaukee Bucks         20.000000  24.562500  224.062500  4.350220e+06\n",
       "Minnesota Timberwolves  19.571429  26.357143  228.642857  4.593054e+06\n",
       "New Orleans Pelicans    17.000000  26.894737  221.000000  4.355304e+06\n",
       "New York Knicks         13.250000  27.000000  223.625000  4.581494e+06\n",
       "Oklahoma City Thunder   14.000000  27.066667  229.400000  6.251020e+06\n",
       "Orlando Magic           16.428571  25.071429  213.357143  4.297248e+06\n",
       "Philadelphia 76ers      18.066667  24.600000  222.133333  2.213778e+06\n",
       "Phoenix Suns            15.466667  25.866667  218.600000  4.229676e+06\n",
       "Portland Trail Blazers  16.000000  25.066667  218.600000  3.220121e+06\n",
       "Sacramento Kings        16.933333  26.800000  221.333333  4.778911e+06\n",
       "San Antonio Spurs       17.933333  31.600000  223.933333  5.629516e+06\n",
       "Toronto Raptors         22.466667  26.133333  221.800000  4.741174e+06\n",
       "Utah Jazz               17.866667  24.466667  220.000000  4.204006e+06\n",
       "Washington Wizards      17.600000  27.866667  219.000000  5.088576e+06"
      ]
     },
     "execution_count": 4,
     "metadata": {},
     "output_type": "execute_result"
    }
   ],
   "source": [
    "df=pd.read_csv('nba')\n",
    "df.groupby(['Team']).mean()"
   ]
  },
  {
   "cell_type": "code",
   "execution_count": 7,
   "metadata": {},
   "outputs": [
    {
     "data": {
      "text/html": [
       "<div>\n",
       "<style scoped>\n",
       "    .dataframe tbody tr th:only-of-type {\n",
       "        vertical-align: middle;\n",
       "    }\n",
       "\n",
       "    .dataframe tbody tr th {\n",
       "        vertical-align: top;\n",
       "    }\n",
       "\n",
       "    .dataframe thead th {\n",
       "        text-align: right;\n",
       "    }\n",
       "</style>\n",
       "<table border=\"1\" class=\"dataframe\">\n",
       "  <thead>\n",
       "    <tr style=\"text-align: right;\">\n",
       "      <th></th>\n",
       "      <th>Number</th>\n",
       "      <th>Age</th>\n",
       "      <th>Weight</th>\n",
       "      <th>Salary</th>\n",
       "    </tr>\n",
       "    <tr>\n",
       "      <th>Team</th>\n",
       "      <th></th>\n",
       "      <th></th>\n",
       "      <th></th>\n",
       "      <th></th>\n",
       "    </tr>\n",
       "  </thead>\n",
       "  <tbody>\n",
       "    <tr>\n",
       "      <th>Cleveland Cavaliers</th>\n",
       "      <td>14.466667</td>\n",
       "      <td>29.533333</td>\n",
       "      <td>227.866667</td>\n",
       "      <td>7.642049e+06</td>\n",
       "    </tr>\n",
       "    <tr>\n",
       "      <th>Miami Heat</th>\n",
       "      <td>10.466667</td>\n",
       "      <td>28.933333</td>\n",
       "      <td>218.400000</td>\n",
       "      <td>6.347359e+06</td>\n",
       "    </tr>\n",
       "    <tr>\n",
       "      <th>Los Angeles Clippers</th>\n",
       "      <td>19.533333</td>\n",
       "      <td>29.466667</td>\n",
       "      <td>219.733333</td>\n",
       "      <td>6.323643e+06</td>\n",
       "    </tr>\n",
       "    <tr>\n",
       "      <th>Oklahoma City Thunder</th>\n",
       "      <td>14.000000</td>\n",
       "      <td>27.066667</td>\n",
       "      <td>229.400000</td>\n",
       "      <td>6.251020e+06</td>\n",
       "    </tr>\n",
       "    <tr>\n",
       "      <th>Golden State Warriors</th>\n",
       "      <td>20.866667</td>\n",
       "      <td>27.666667</td>\n",
       "      <td>224.600000</td>\n",
       "      <td>5.924600e+06</td>\n",
       "    </tr>\n",
       "    <tr>\n",
       "      <th>Chicago Bulls</th>\n",
       "      <td>19.200000</td>\n",
       "      <td>27.400000</td>\n",
       "      <td>218.933333</td>\n",
       "      <td>5.785559e+06</td>\n",
       "    </tr>\n",
       "    <tr>\n",
       "      <th>San Antonio Spurs</th>\n",
       "      <td>17.933333</td>\n",
       "      <td>31.600000</td>\n",
       "      <td>223.933333</td>\n",
       "      <td>5.629516e+06</td>\n",
       "    </tr>\n",
       "    <tr>\n",
       "      <th>Memphis Grizzlies</th>\n",
       "      <td>15.555556</td>\n",
       "      <td>28.388889</td>\n",
       "      <td>218.000000</td>\n",
       "      <td>5.467920e+06</td>\n",
       "    </tr>\n",
       "    <tr>\n",
       "      <th>Charlotte Hornets</th>\n",
       "      <td>17.133333</td>\n",
       "      <td>26.133333</td>\n",
       "      <td>220.400000</td>\n",
       "      <td>5.222728e+06</td>\n",
       "    </tr>\n",
       "    <tr>\n",
       "      <th>Washington Wizards</th>\n",
       "      <td>17.600000</td>\n",
       "      <td>27.866667</td>\n",
       "      <td>219.000000</td>\n",
       "      <td>5.088576e+06</td>\n",
       "    </tr>\n",
       "    <tr>\n",
       "      <th>Houston Rockets</th>\n",
       "      <td>14.666667</td>\n",
       "      <td>26.866667</td>\n",
       "      <td>220.333333</td>\n",
       "      <td>5.018868e+06</td>\n",
       "    </tr>\n",
       "    <tr>\n",
       "      <th>Atlanta Hawks</th>\n",
       "      <td>19.000000</td>\n",
       "      <td>28.200000</td>\n",
       "      <td>221.266667</td>\n",
       "      <td>4.860197e+06</td>\n",
       "    </tr>\n",
       "    <tr>\n",
       "      <th>Los Angeles Lakers</th>\n",
       "      <td>16.066667</td>\n",
       "      <td>27.533333</td>\n",
       "      <td>227.066667</td>\n",
       "      <td>4.784695e+06</td>\n",
       "    </tr>\n",
       "    <tr>\n",
       "      <th>Sacramento Kings</th>\n",
       "      <td>16.933333</td>\n",
       "      <td>26.800000</td>\n",
       "      <td>221.333333</td>\n",
       "      <td>4.778911e+06</td>\n",
       "    </tr>\n",
       "    <tr>\n",
       "      <th>Dallas Mavericks</th>\n",
       "      <td>20.000000</td>\n",
       "      <td>29.733333</td>\n",
       "      <td>227.000000</td>\n",
       "      <td>4.746582e+06</td>\n",
       "    </tr>\n",
       "    <tr>\n",
       "      <th>Toronto Raptors</th>\n",
       "      <td>22.466667</td>\n",
       "      <td>26.133333</td>\n",
       "      <td>221.800000</td>\n",
       "      <td>4.741174e+06</td>\n",
       "    </tr>\n",
       "    <tr>\n",
       "      <th>Minnesota Timberwolves</th>\n",
       "      <td>19.571429</td>\n",
       "      <td>26.357143</td>\n",
       "      <td>228.642857</td>\n",
       "      <td>4.593054e+06</td>\n",
       "    </tr>\n",
       "    <tr>\n",
       "      <th>New York Knicks</th>\n",
       "      <td>13.250000</td>\n",
       "      <td>27.000000</td>\n",
       "      <td>223.625000</td>\n",
       "      <td>4.581494e+06</td>\n",
       "    </tr>\n",
       "    <tr>\n",
       "      <th>Detroit Pistons</th>\n",
       "      <td>17.266667</td>\n",
       "      <td>26.200000</td>\n",
       "      <td>222.200000</td>\n",
       "      <td>4.477884e+06</td>\n",
       "    </tr>\n",
       "    <tr>\n",
       "      <th>Indiana Pacers</th>\n",
       "      <td>18.933333</td>\n",
       "      <td>26.400000</td>\n",
       "      <td>222.266667</td>\n",
       "      <td>4.450122e+06</td>\n",
       "    </tr>\n",
       "    <tr>\n",
       "      <th>New Orleans Pelicans</th>\n",
       "      <td>17.000000</td>\n",
       "      <td>26.894737</td>\n",
       "      <td>221.000000</td>\n",
       "      <td>4.355304e+06</td>\n",
       "    </tr>\n",
       "    <tr>\n",
       "      <th>Milwaukee Bucks</th>\n",
       "      <td>20.000000</td>\n",
       "      <td>24.562500</td>\n",
       "      <td>224.062500</td>\n",
       "      <td>4.350220e+06</td>\n",
       "    </tr>\n",
       "    <tr>\n",
       "      <th>Orlando Magic</th>\n",
       "      <td>16.428571</td>\n",
       "      <td>25.071429</td>\n",
       "      <td>213.357143</td>\n",
       "      <td>4.297248e+06</td>\n",
       "    </tr>\n",
       "    <tr>\n",
       "      <th>Denver Nuggets</th>\n",
       "      <td>15.266667</td>\n",
       "      <td>25.733333</td>\n",
       "      <td>217.533333</td>\n",
       "      <td>4.294424e+06</td>\n",
       "    </tr>\n",
       "    <tr>\n",
       "      <th>Phoenix Suns</th>\n",
       "      <td>15.466667</td>\n",
       "      <td>25.866667</td>\n",
       "      <td>218.600000</td>\n",
       "      <td>4.229676e+06</td>\n",
       "    </tr>\n",
       "    <tr>\n",
       "      <th>Utah Jazz</th>\n",
       "      <td>17.866667</td>\n",
       "      <td>24.466667</td>\n",
       "      <td>220.000000</td>\n",
       "      <td>4.204006e+06</td>\n",
       "    </tr>\n",
       "    <tr>\n",
       "      <th>Boston Celtics</th>\n",
       "      <td>31.866667</td>\n",
       "      <td>24.733333</td>\n",
       "      <td>219.466667</td>\n",
       "      <td>4.181505e+06</td>\n",
       "    </tr>\n",
       "    <tr>\n",
       "      <th>Brooklyn Nets</th>\n",
       "      <td>18.266667</td>\n",
       "      <td>25.600000</td>\n",
       "      <td>215.600000</td>\n",
       "      <td>3.501898e+06</td>\n",
       "    </tr>\n",
       "    <tr>\n",
       "      <th>Portland Trail Blazers</th>\n",
       "      <td>16.000000</td>\n",
       "      <td>25.066667</td>\n",
       "      <td>218.600000</td>\n",
       "      <td>3.220121e+06</td>\n",
       "    </tr>\n",
       "    <tr>\n",
       "      <th>Philadelphia 76ers</th>\n",
       "      <td>18.066667</td>\n",
       "      <td>24.600000</td>\n",
       "      <td>222.133333</td>\n",
       "      <td>2.213778e+06</td>\n",
       "    </tr>\n",
       "  </tbody>\n",
       "</table>\n",
       "</div>"
      ],
      "text/plain": [
       "                           Number        Age      Weight        Salary\n",
       "Team                                                                  \n",
       "Cleveland Cavaliers     14.466667  29.533333  227.866667  7.642049e+06\n",
       "Miami Heat              10.466667  28.933333  218.400000  6.347359e+06\n",
       "Los Angeles Clippers    19.533333  29.466667  219.733333  6.323643e+06\n",
       "Oklahoma City Thunder   14.000000  27.066667  229.400000  6.251020e+06\n",
       "Golden State Warriors   20.866667  27.666667  224.600000  5.924600e+06\n",
       "Chicago Bulls           19.200000  27.400000  218.933333  5.785559e+06\n",
       "San Antonio Spurs       17.933333  31.600000  223.933333  5.629516e+06\n",
       "Memphis Grizzlies       15.555556  28.388889  218.000000  5.467920e+06\n",
       "Charlotte Hornets       17.133333  26.133333  220.400000  5.222728e+06\n",
       "Washington Wizards      17.600000  27.866667  219.000000  5.088576e+06\n",
       "Houston Rockets         14.666667  26.866667  220.333333  5.018868e+06\n",
       "Atlanta Hawks           19.000000  28.200000  221.266667  4.860197e+06\n",
       "Los Angeles Lakers      16.066667  27.533333  227.066667  4.784695e+06\n",
       "Sacramento Kings        16.933333  26.800000  221.333333  4.778911e+06\n",
       "Dallas Mavericks        20.000000  29.733333  227.000000  4.746582e+06\n",
       "Toronto Raptors         22.466667  26.133333  221.800000  4.741174e+06\n",
       "Minnesota Timberwolves  19.571429  26.357143  228.642857  4.593054e+06\n",
       "New York Knicks         13.250000  27.000000  223.625000  4.581494e+06\n",
       "Detroit Pistons         17.266667  26.200000  222.200000  4.477884e+06\n",
       "Indiana Pacers          18.933333  26.400000  222.266667  4.450122e+06\n",
       "New Orleans Pelicans    17.000000  26.894737  221.000000  4.355304e+06\n",
       "Milwaukee Bucks         20.000000  24.562500  224.062500  4.350220e+06\n",
       "Orlando Magic           16.428571  25.071429  213.357143  4.297248e+06\n",
       "Denver Nuggets          15.266667  25.733333  217.533333  4.294424e+06\n",
       "Phoenix Suns            15.466667  25.866667  218.600000  4.229676e+06\n",
       "Utah Jazz               17.866667  24.466667  220.000000  4.204006e+06\n",
       "Boston Celtics          31.866667  24.733333  219.466667  4.181505e+06\n",
       "Brooklyn Nets           18.266667  25.600000  215.600000  3.501898e+06\n",
       "Portland Trail Blazers  16.000000  25.066667  218.600000  3.220121e+06\n",
       "Philadelphia 76ers      18.066667  24.600000  222.133333  2.213778e+06"
      ]
     },
     "execution_count": 7,
     "metadata": {},
     "output_type": "execute_result"
    }
   ],
   "source": [
    "df.groupby(['Team']).mean().sort_values('Salary',ascending=False)"
   ]
  },
  {
   "cell_type": "code",
   "execution_count": 8,
   "metadata": {},
   "outputs": [
    {
     "data": {
      "text/html": [
       "<div>\n",
       "<style scoped>\n",
       "    .dataframe tbody tr th:only-of-type {\n",
       "        vertical-align: middle;\n",
       "    }\n",
       "\n",
       "    .dataframe tbody tr th {\n",
       "        vertical-align: top;\n",
       "    }\n",
       "\n",
       "    .dataframe thead th {\n",
       "        text-align: right;\n",
       "    }\n",
       "</style>\n",
       "<table border=\"1\" class=\"dataframe\">\n",
       "  <thead>\n",
       "    <tr style=\"text-align: right;\">\n",
       "      <th></th>\n",
       "      <th>Number</th>\n",
       "      <th>Age</th>\n",
       "      <th>Weight</th>\n",
       "      <th>Salary</th>\n",
       "    </tr>\n",
       "    <tr>\n",
       "      <th>Team</th>\n",
       "      <th></th>\n",
       "      <th></th>\n",
       "      <th></th>\n",
       "      <th></th>\n",
       "    </tr>\n",
       "  </thead>\n",
       "  <tbody>\n",
       "    <tr>\n",
       "      <th>Atlanta Hawks</th>\n",
       "      <td>285.0</td>\n",
       "      <td>423.0</td>\n",
       "      <td>3319.0</td>\n",
       "      <td>72902950.0</td>\n",
       "    </tr>\n",
       "    <tr>\n",
       "      <th>Boston Celtics</th>\n",
       "      <td>478.0</td>\n",
       "      <td>371.0</td>\n",
       "      <td>3292.0</td>\n",
       "      <td>58541068.0</td>\n",
       "    </tr>\n",
       "    <tr>\n",
       "      <th>Brooklyn Nets</th>\n",
       "      <td>274.0</td>\n",
       "      <td>384.0</td>\n",
       "      <td>3234.0</td>\n",
       "      <td>52528475.0</td>\n",
       "    </tr>\n",
       "    <tr>\n",
       "      <th>Charlotte Hornets</th>\n",
       "      <td>257.0</td>\n",
       "      <td>392.0</td>\n",
       "      <td>3306.0</td>\n",
       "      <td>78340920.0</td>\n",
       "    </tr>\n",
       "    <tr>\n",
       "      <th>Chicago Bulls</th>\n",
       "      <td>288.0</td>\n",
       "      <td>411.0</td>\n",
       "      <td>3284.0</td>\n",
       "      <td>86783378.0</td>\n",
       "    </tr>\n",
       "    <tr>\n",
       "      <th>Cleveland Cavaliers</th>\n",
       "      <td>217.0</td>\n",
       "      <td>443.0</td>\n",
       "      <td>3418.0</td>\n",
       "      <td>106988689.0</td>\n",
       "    </tr>\n",
       "    <tr>\n",
       "      <th>Dallas Mavericks</th>\n",
       "      <td>300.0</td>\n",
       "      <td>446.0</td>\n",
       "      <td>3405.0</td>\n",
       "      <td>71198732.0</td>\n",
       "    </tr>\n",
       "    <tr>\n",
       "      <th>Denver Nuggets</th>\n",
       "      <td>229.0</td>\n",
       "      <td>386.0</td>\n",
       "      <td>3263.0</td>\n",
       "      <td>60121930.0</td>\n",
       "    </tr>\n",
       "    <tr>\n",
       "      <th>Detroit Pistons</th>\n",
       "      <td>259.0</td>\n",
       "      <td>393.0</td>\n",
       "      <td>3333.0</td>\n",
       "      <td>67168263.0</td>\n",
       "    </tr>\n",
       "    <tr>\n",
       "      <th>Golden State Warriors</th>\n",
       "      <td>313.0</td>\n",
       "      <td>415.0</td>\n",
       "      <td>3369.0</td>\n",
       "      <td>88868997.0</td>\n",
       "    </tr>\n",
       "    <tr>\n",
       "      <th>Houston Rockets</th>\n",
       "      <td>220.0</td>\n",
       "      <td>403.0</td>\n",
       "      <td>3305.0</td>\n",
       "      <td>75283021.0</td>\n",
       "    </tr>\n",
       "    <tr>\n",
       "      <th>Indiana Pacers</th>\n",
       "      <td>284.0</td>\n",
       "      <td>396.0</td>\n",
       "      <td>3334.0</td>\n",
       "      <td>66751826.0</td>\n",
       "    </tr>\n",
       "    <tr>\n",
       "      <th>Los Angeles Clippers</th>\n",
       "      <td>293.0</td>\n",
       "      <td>442.0</td>\n",
       "      <td>3296.0</td>\n",
       "      <td>94854640.0</td>\n",
       "    </tr>\n",
       "    <tr>\n",
       "      <th>Los Angeles Lakers</th>\n",
       "      <td>241.0</td>\n",
       "      <td>413.0</td>\n",
       "      <td>3406.0</td>\n",
       "      <td>71770431.0</td>\n",
       "    </tr>\n",
       "    <tr>\n",
       "      <th>Memphis Grizzlies</th>\n",
       "      <td>280.0</td>\n",
       "      <td>511.0</td>\n",
       "      <td>3924.0</td>\n",
       "      <td>76550880.0</td>\n",
       "    </tr>\n",
       "    <tr>\n",
       "      <th>Miami Heat</th>\n",
       "      <td>157.0</td>\n",
       "      <td>434.0</td>\n",
       "      <td>3276.0</td>\n",
       "      <td>82515673.0</td>\n",
       "    </tr>\n",
       "    <tr>\n",
       "      <th>Milwaukee Bucks</th>\n",
       "      <td>320.0</td>\n",
       "      <td>393.0</td>\n",
       "      <td>3585.0</td>\n",
       "      <td>69603517.0</td>\n",
       "    </tr>\n",
       "    <tr>\n",
       "      <th>Minnesota Timberwolves</th>\n",
       "      <td>274.0</td>\n",
       "      <td>369.0</td>\n",
       "      <td>3201.0</td>\n",
       "      <td>59709697.0</td>\n",
       "    </tr>\n",
       "    <tr>\n",
       "      <th>New Orleans Pelicans</th>\n",
       "      <td>323.0</td>\n",
       "      <td>511.0</td>\n",
       "      <td>4199.0</td>\n",
       "      <td>82750774.0</td>\n",
       "    </tr>\n",
       "    <tr>\n",
       "      <th>New York Knicks</th>\n",
       "      <td>212.0</td>\n",
       "      <td>432.0</td>\n",
       "      <td>3578.0</td>\n",
       "      <td>73303898.0</td>\n",
       "    </tr>\n",
       "    <tr>\n",
       "      <th>Oklahoma City Thunder</th>\n",
       "      <td>210.0</td>\n",
       "      <td>406.0</td>\n",
       "      <td>3441.0</td>\n",
       "      <td>93765298.0</td>\n",
       "    </tr>\n",
       "    <tr>\n",
       "      <th>Orlando Magic</th>\n",
       "      <td>230.0</td>\n",
       "      <td>351.0</td>\n",
       "      <td>2987.0</td>\n",
       "      <td>60161470.0</td>\n",
       "    </tr>\n",
       "    <tr>\n",
       "      <th>Philadelphia 76ers</th>\n",
       "      <td>271.0</td>\n",
       "      <td>369.0</td>\n",
       "      <td>3332.0</td>\n",
       "      <td>30992894.0</td>\n",
       "    </tr>\n",
       "    <tr>\n",
       "      <th>Phoenix Suns</th>\n",
       "      <td>232.0</td>\n",
       "      <td>388.0</td>\n",
       "      <td>3279.0</td>\n",
       "      <td>63445135.0</td>\n",
       "    </tr>\n",
       "    <tr>\n",
       "      <th>Portland Trail Blazers</th>\n",
       "      <td>240.0</td>\n",
       "      <td>376.0</td>\n",
       "      <td>3279.0</td>\n",
       "      <td>48301818.0</td>\n",
       "    </tr>\n",
       "    <tr>\n",
       "      <th>Sacramento Kings</th>\n",
       "      <td>254.0</td>\n",
       "      <td>402.0</td>\n",
       "      <td>3320.0</td>\n",
       "      <td>71683666.0</td>\n",
       "    </tr>\n",
       "    <tr>\n",
       "      <th>San Antonio Spurs</th>\n",
       "      <td>269.0</td>\n",
       "      <td>474.0</td>\n",
       "      <td>3359.0</td>\n",
       "      <td>84442733.0</td>\n",
       "    </tr>\n",
       "    <tr>\n",
       "      <th>Toronto Raptors</th>\n",
       "      <td>337.0</td>\n",
       "      <td>392.0</td>\n",
       "      <td>3327.0</td>\n",
       "      <td>71117611.0</td>\n",
       "    </tr>\n",
       "    <tr>\n",
       "      <th>Utah Jazz</th>\n",
       "      <td>268.0</td>\n",
       "      <td>367.0</td>\n",
       "      <td>3300.0</td>\n",
       "      <td>63060091.0</td>\n",
       "    </tr>\n",
       "    <tr>\n",
       "      <th>Washington Wizards</th>\n",
       "      <td>264.0</td>\n",
       "      <td>418.0</td>\n",
       "      <td>3285.0</td>\n",
       "      <td>76328636.0</td>\n",
       "    </tr>\n",
       "  </tbody>\n",
       "</table>\n",
       "</div>"
      ],
      "text/plain": [
       "                        Number    Age  Weight       Salary\n",
       "Team                                                      \n",
       "Atlanta Hawks            285.0  423.0  3319.0   72902950.0\n",
       "Boston Celtics           478.0  371.0  3292.0   58541068.0\n",
       "Brooklyn Nets            274.0  384.0  3234.0   52528475.0\n",
       "Charlotte Hornets        257.0  392.0  3306.0   78340920.0\n",
       "Chicago Bulls            288.0  411.0  3284.0   86783378.0\n",
       "Cleveland Cavaliers      217.0  443.0  3418.0  106988689.0\n",
       "Dallas Mavericks         300.0  446.0  3405.0   71198732.0\n",
       "Denver Nuggets           229.0  386.0  3263.0   60121930.0\n",
       "Detroit Pistons          259.0  393.0  3333.0   67168263.0\n",
       "Golden State Warriors    313.0  415.0  3369.0   88868997.0\n",
       "Houston Rockets          220.0  403.0  3305.0   75283021.0\n",
       "Indiana Pacers           284.0  396.0  3334.0   66751826.0\n",
       "Los Angeles Clippers     293.0  442.0  3296.0   94854640.0\n",
       "Los Angeles Lakers       241.0  413.0  3406.0   71770431.0\n",
       "Memphis Grizzlies        280.0  511.0  3924.0   76550880.0\n",
       "Miami Heat               157.0  434.0  3276.0   82515673.0\n",
       "Milwaukee Bucks          320.0  393.0  3585.0   69603517.0\n",
       "Minnesota Timberwolves   274.0  369.0  3201.0   59709697.0\n",
       "New Orleans Pelicans     323.0  511.0  4199.0   82750774.0\n",
       "New York Knicks          212.0  432.0  3578.0   73303898.0\n",
       "Oklahoma City Thunder    210.0  406.0  3441.0   93765298.0\n",
       "Orlando Magic            230.0  351.0  2987.0   60161470.0\n",
       "Philadelphia 76ers       271.0  369.0  3332.0   30992894.0\n",
       "Phoenix Suns             232.0  388.0  3279.0   63445135.0\n",
       "Portland Trail Blazers   240.0  376.0  3279.0   48301818.0\n",
       "Sacramento Kings         254.0  402.0  3320.0   71683666.0\n",
       "San Antonio Spurs        269.0  474.0  3359.0   84442733.0\n",
       "Toronto Raptors          337.0  392.0  3327.0   71117611.0\n",
       "Utah Jazz                268.0  367.0  3300.0   63060091.0\n",
       "Washington Wizards       264.0  418.0  3285.0   76328636.0"
      ]
     },
     "execution_count": 8,
     "metadata": {},
     "output_type": "execute_result"
    }
   ],
   "source": [
    "df.groupby(['Team']).sum()"
   ]
  },
  {
   "cell_type": "code",
   "execution_count": 9,
   "metadata": {},
   "outputs": [
    {
     "data": {
      "text/html": [
       "<div>\n",
       "<style scoped>\n",
       "    .dataframe tbody tr th:only-of-type {\n",
       "        vertical-align: middle;\n",
       "    }\n",
       "\n",
       "    .dataframe tbody tr th {\n",
       "        vertical-align: top;\n",
       "    }\n",
       "\n",
       "    .dataframe thead th {\n",
       "        text-align: right;\n",
       "    }\n",
       "</style>\n",
       "<table border=\"1\" class=\"dataframe\">\n",
       "  <thead>\n",
       "    <tr style=\"text-align: right;\">\n",
       "      <th></th>\n",
       "      <th>Name</th>\n",
       "      <th>Number</th>\n",
       "      <th>Position</th>\n",
       "      <th>Age</th>\n",
       "      <th>Height</th>\n",
       "      <th>Weight</th>\n",
       "      <th>College</th>\n",
       "      <th>Salary</th>\n",
       "    </tr>\n",
       "    <tr>\n",
       "      <th>Team</th>\n",
       "      <th></th>\n",
       "      <th></th>\n",
       "      <th></th>\n",
       "      <th></th>\n",
       "      <th></th>\n",
       "      <th></th>\n",
       "      <th></th>\n",
       "      <th></th>\n",
       "    </tr>\n",
       "  </thead>\n",
       "  <tbody>\n",
       "    <tr>\n",
       "      <th>Atlanta Hawks</th>\n",
       "      <td>Kent Bazemore</td>\n",
       "      <td>24.0</td>\n",
       "      <td>SF</td>\n",
       "      <td>26.0</td>\n",
       "      <td>6-5</td>\n",
       "      <td>201.0</td>\n",
       "      <td>Old Dominion</td>\n",
       "      <td>2000000.0</td>\n",
       "    </tr>\n",
       "    <tr>\n",
       "      <th>Boston Celtics</th>\n",
       "      <td>Avery Bradley</td>\n",
       "      <td>0.0</td>\n",
       "      <td>PG</td>\n",
       "      <td>25.0</td>\n",
       "      <td>6-2</td>\n",
       "      <td>180.0</td>\n",
       "      <td>Texas</td>\n",
       "      <td>7730337.0</td>\n",
       "    </tr>\n",
       "    <tr>\n",
       "      <th>Brooklyn Nets</th>\n",
       "      <td>Bojan Bogdanovic</td>\n",
       "      <td>44.0</td>\n",
       "      <td>SG</td>\n",
       "      <td>27.0</td>\n",
       "      <td>6-8</td>\n",
       "      <td>216.0</td>\n",
       "      <td>Oklahoma State</td>\n",
       "      <td>3425510.0</td>\n",
       "    </tr>\n",
       "    <tr>\n",
       "      <th>Charlotte Hornets</th>\n",
       "      <td>Nicolas Batum</td>\n",
       "      <td>5.0</td>\n",
       "      <td>SG</td>\n",
       "      <td>27.0</td>\n",
       "      <td>6-8</td>\n",
       "      <td>200.0</td>\n",
       "      <td>Virginia Commonwealth</td>\n",
       "      <td>13125306.0</td>\n",
       "    </tr>\n",
       "    <tr>\n",
       "      <th>Chicago Bulls</th>\n",
       "      <td>Cameron Bairstow</td>\n",
       "      <td>41.0</td>\n",
       "      <td>PF</td>\n",
       "      <td>25.0</td>\n",
       "      <td>6-9</td>\n",
       "      <td>250.0</td>\n",
       "      <td>New Mexico</td>\n",
       "      <td>845059.0</td>\n",
       "    </tr>\n",
       "    <tr>\n",
       "      <th>Cleveland Cavaliers</th>\n",
       "      <td>Matthew Dellavedova</td>\n",
       "      <td>8.0</td>\n",
       "      <td>PG</td>\n",
       "      <td>25.0</td>\n",
       "      <td>6-4</td>\n",
       "      <td>198.0</td>\n",
       "      <td>Saint Mary's</td>\n",
       "      <td>1147276.0</td>\n",
       "    </tr>\n",
       "    <tr>\n",
       "      <th>Dallas Mavericks</th>\n",
       "      <td>Justin Anderson</td>\n",
       "      <td>1.0</td>\n",
       "      <td>SG</td>\n",
       "      <td>22.0</td>\n",
       "      <td>6-6</td>\n",
       "      <td>228.0</td>\n",
       "      <td>Virginia</td>\n",
       "      <td>1449000.0</td>\n",
       "    </tr>\n",
       "    <tr>\n",
       "      <th>Denver Nuggets</th>\n",
       "      <td>Darrell Arthur</td>\n",
       "      <td>0.0</td>\n",
       "      <td>PF</td>\n",
       "      <td>28.0</td>\n",
       "      <td>6-9</td>\n",
       "      <td>235.0</td>\n",
       "      <td>Kansas</td>\n",
       "      <td>2814000.0</td>\n",
       "    </tr>\n",
       "    <tr>\n",
       "      <th>Detroit Pistons</th>\n",
       "      <td>Joel Anthony</td>\n",
       "      <td>50.0</td>\n",
       "      <td>C</td>\n",
       "      <td>33.0</td>\n",
       "      <td>6-9</td>\n",
       "      <td>245.0</td>\n",
       "      <td>UNLV</td>\n",
       "      <td>2500000.0</td>\n",
       "    </tr>\n",
       "    <tr>\n",
       "      <th>Golden State Warriors</th>\n",
       "      <td>Leandro Barbosa</td>\n",
       "      <td>19.0</td>\n",
       "      <td>SG</td>\n",
       "      <td>33.0</td>\n",
       "      <td>6-3</td>\n",
       "      <td>194.0</td>\n",
       "      <td>North Carolina</td>\n",
       "      <td>2500000.0</td>\n",
       "    </tr>\n",
       "    <tr>\n",
       "      <th>Houston Rockets</th>\n",
       "      <td>Trevor Ariza</td>\n",
       "      <td>1.0</td>\n",
       "      <td>SF</td>\n",
       "      <td>30.0</td>\n",
       "      <td>6-8</td>\n",
       "      <td>215.0</td>\n",
       "      <td>UCLA</td>\n",
       "      <td>8193030.0</td>\n",
       "    </tr>\n",
       "    <tr>\n",
       "      <th>Indiana Pacers</th>\n",
       "      <td>Lavoy Allen</td>\n",
       "      <td>5.0</td>\n",
       "      <td>PF</td>\n",
       "      <td>27.0</td>\n",
       "      <td>6-9</td>\n",
       "      <td>255.0</td>\n",
       "      <td>Temple</td>\n",
       "      <td>4050000.0</td>\n",
       "    </tr>\n",
       "    <tr>\n",
       "      <th>Los Angeles Clippers</th>\n",
       "      <td>Cole Aldrich</td>\n",
       "      <td>45.0</td>\n",
       "      <td>C</td>\n",
       "      <td>27.0</td>\n",
       "      <td>6-11</td>\n",
       "      <td>250.0</td>\n",
       "      <td>Kansas</td>\n",
       "      <td>1100602.0</td>\n",
       "    </tr>\n",
       "    <tr>\n",
       "      <th>Los Angeles Lakers</th>\n",
       "      <td>Brandon Bass</td>\n",
       "      <td>2.0</td>\n",
       "      <td>PF</td>\n",
       "      <td>31.0</td>\n",
       "      <td>6-8</td>\n",
       "      <td>250.0</td>\n",
       "      <td>LSU</td>\n",
       "      <td>3000000.0</td>\n",
       "    </tr>\n",
       "    <tr>\n",
       "      <th>Memphis Grizzlies</th>\n",
       "      <td>Jordan Adams</td>\n",
       "      <td>3.0</td>\n",
       "      <td>SG</td>\n",
       "      <td>21.0</td>\n",
       "      <td>6-5</td>\n",
       "      <td>209.0</td>\n",
       "      <td>UCLA</td>\n",
       "      <td>1404600.0</td>\n",
       "    </tr>\n",
       "    <tr>\n",
       "      <th>Miami Heat</th>\n",
       "      <td>Chris Bosh</td>\n",
       "      <td>1.0</td>\n",
       "      <td>PF</td>\n",
       "      <td>32.0</td>\n",
       "      <td>6-11</td>\n",
       "      <td>235.0</td>\n",
       "      <td>Georgia Tech</td>\n",
       "      <td>22192730.0</td>\n",
       "    </tr>\n",
       "    <tr>\n",
